x tf ts
  4.8828125000000000E-04  8.7285027948536117E+02  6.9592542272673336E+02
  1.4648437500000000E-03  8.7255016668626888E+02  6.9533312643975296E+02
  2.4414062500000000E-03  8.7224915871384678E+02  6.9474061051325930E+02
  3.4179687500000000E-03  8.7194725619659914E+02  6.9414787712946043E+02
  4.3945312500000000E-03  8.7164445976832894E+02  6.9355492847402979E+02
  5.3710937500000000E-03  8.7134077006811594E+02  6.9296176672928698E+02
  6.3476562500000000E-03  8.7103618774025324E+02  6.9236839410278708E+02
  7.3242187500000000E-03  8.7073071343432196E+02  6.9177481279122753E+02
  8.3007812500000000E-03  8.7042434780515771E+02  6.9118102499223255E+02
  9.2773437500000000E-03  8.7011709151284106E+02  6.9058703290501103E+02
  1.0253906250000000E-02  8.6980894522269364E+02  6.8999283872944761E+02
  1.1230468750000000E-02  8.6949990960532853E+02  6.8939844465690135E+02
  1.2207031250000000E-02  8.6918998533649278E+02  6.8880385289613514E+02
  1.3183593750000000E-02  8.6887917309729721E+02  6.8820906563466019E+02
  1.4160156250000000E-02  8.6856747357375377E+02  6.8761408509080047E+02
  1.5136718750000000E-02  8.6825488745735163E+02  6.8701891345725790E+02
  1.6113281250000000E-02  8.6794141544490435E+02  6.8642355292677735E+02
  1.7089843750000000E-02  8.6762705823829356E+02  6.8582800570002860E+02
  1.8066406250000000E-02  8.6731181654454724E+02  6.8523227398028507E+02
  1.9042968750000000E-02  8.6699569107605635E+02  6.8463635995968252E+02
  2.0019531250000000E-02  8.6667868255019789E+02  6.8404026584370297E+02
  2.0996093750000000E-02  8.6636079168970025E+02  6.8344399382523488E+02
  2.1972656250000000E-02  8.6604201922235166E+02  6.8284754610942696E+02
  2.2949218750000000E-02  8.6572236588119677E+02  6.8225092489277517E+02
  2.3925781250000000E-02  8.6540183240442025E+02  6.8165413237307791E+02
  2.4902343750000000E-02  8.6508041953530335E+02  6.8105717075534722E+02
  2.5878906250000000E-02  8.6475812802239761E+02  6.8046004223223485E+02
  2.6855468750000000E-02  8.6443495861939289E+02  6.7986274900286116E+02
  2.7832031250000000E-02  8.6411091208501853E+02  6.7926529326885122E+02
  2.8808593750000000E-02  8.6378598918313025E+02  6.7866767723382952E+02
  2.9785156250000000E-02  8.6346019068292389E+02  6.7806990308734839E+02
  3.0761718750000000E-02  8.6313351735856531E+02  6.7747197303067799E+02
  3.1738281250000000E-02  8.6280596998932265E+02  6.7687388926382312E+02
  3.2714843750000000E-02  8.6247754935957107E+02  6.7627565398769070E+02
  3.3691406250000000E-02  8.6214825625892809E+02  6.7567726939524596E+02
  3.4667968750000000E-02  8.6181809148198295E+02  6.7507873768767070E+02
  3.5644531250000000E-02  8.6148705582841160E+02  6.7448006106286721E+02
  3.6621093750000000E-02  8.6115515010317813E+02  6.7388124171383231E+02
  3.7597656250000000E-02  8.6082237511608253E+02  6.7328228184142381E+02
  3.8574218750000000E-02  8.6048873168211389E+02  6.7268318364222159E+02
  3.9550781250000000E-02  8.6015422062131370E+02  6.7208394931317753E+02
  4.0527343750000000E-02  8.5981884275867753E+02  6.7148458105586246E+02
  4.1503906250000000E-02  8.5948259892459544E+02  6.7088508105665994E+02
  4.2480468750000000E-02  8.5914548995418374E+02  6.7028545151620710E+02
  4.3457031250000000E-02  8.5880751668776031E+02  6.6968569462851781E+02
  4.4433593750000000E-02  8.5846867997058075E+02  6.6908581259042535E+02
  4.5410156250000000E-02  8.5812898065292495E+02  6.6848580759853485E+02
  4.6386718750000000E-02  8.5778841959021076E+02  6.6788568184575274E+02
  4.7363281250000000E-02  8.5744699764287645E+02  6.6728543752467885E+02
  4.8339843750000000E-02  8.5710471567626030E+02  6.6668507683079179E+02
  4.9316406250000000E-02  8.5676157456070098E+02  6.6608460195920202E+02
  5.0292968750000000E-02  8.5641757517165843E+02  6.6548401510123017E+02
  5.1269531250000000E-02  8.5607271838951624E+02  6.6488331845072298E+02
  5.2246093750000000E-02  8.5572700509964295E+02  6.6428251419804315E+02
  5.3222656250000000E-02  8.5538043619255598E+02  6.6368160453178484E+02
  5.4199218750000000E-02  8.5503301256329507E+02  6.6308059165065720E+02
  5.5175781250000000E-02  8.5468473511243963E+02  6.6247947773821761E+02
  5.6152343750000000E-02  8.5433560474487308E+02  6.6187826499294442E+02
  5.7128906250000000E-02  8.5398562237086423E+02  6.6127695560098118E+02
  5.8105468750000000E-02  8.5363478890567160E+02  6.6067555175126631E+02
  5.9082031250000000E-02  8.5328310526955102E+02  6.6007405562962504E+02
  6.0058593750000000E-02  8.5293057238719791E+02  6.5947246943078289E+02
  6.1035156250000000E-02  8.5257719118878697E+02  6.5887079533606266E+02
  6.2011718750000000E-02  8.5222296260894018E+02  6.5826903553881607E+02
  6.2988281250000000E-02  8.5186788758787520E+02  6.5766719221695007E+02
  6.3964843750000000E-02  8.5151196706972314E+02  6.5706526756509822E+02
  6.4941406250000000E-02  8.5115520200432513E+02  6.5646326376590036E+02
  6.5917968750000000E-02  8.5079759334610969E+02  6.5586118300070950E+02
  6.6894531250000000E-02  8.5043914205435055E+02  6.5525902745812209E+02
  6.7871093750000000E-02  8.5007984909345703E+02  6.5465679931602585E+02
  6.8847656250000000E-02  8.4971971543222617E+02  6.5405450076180432E+02
  6.9824218750000000E-02  8.4935874204467177E+02  6.5345213397661303E+02
  7.0800781250000000E-02  8.4899692990946676E+02  6.5284970114468456E+02
  7.1777343750000000E-02  8.4863428001051363E+02  6.5224720444043965E+02
  7.2753906250000000E-02  8.4827079333600022E+02  6.5164464604926980E+02
  7.3730468750000000E-02  8.4790647087930768E+02  6.5104202814778171E+02
  7.4707031250000000E-02  8.4754131363842816E+02  6.5043935291742775E+02
  7.5683593750000000E-02  8.4717532261649012E+02  6.4983662253334637E+02
  7.6660156250000000E-02  8.4680849882101506E+02  6.4923383917473222E+02
  7.7636718750000000E-02  8.4644084326485290E+02  6.4863100501269514E+02
  7.8613281250000000E-02  8.4607235696511361E+02  6.4802812222634395E+02
  7.9589843750000000E-02  8.4570304094388541E+02  6.4742519299048877E+02
  8.0566406250000000E-02  8.4533289622785219E+02  6.4682221948236315E+02
  8.1542968750000000E-02  8.4496192384907533E+02  6.4621920386795910E+02
  8.2519531250000000E-02  8.4459012484384971E+02  6.4561614832199996E+02
  8.3496093750000000E-02  8.4421750025324138E+02  6.4501305501674392E+02
  8.4472656250000000E-02  8.4384405112292563E+02  6.4440992612562923E+02
  8.5449218750000000E-02  8.4346977850388998E+02  6.4380676381332910E+02
  8.6425781250000000E-02  8.4309468345123935E+02  6.4320357025256078E+02
  8.7402343750000000E-02  8.4271876702534882E+02  6.4260034760688950E+02
  8.8378906250000000E-02  8.4234203029088667E+02  6.4199709804519898E+02
  8.9355468750000000E-02  8.4196447431746719E+02  6.4139382373240596E+02
  9.0332031250000000E-02  8.4158610017893955E+02  6.4079052683816781E+02
  9.1308593750000000E-02  8.4120690895459529E+02  6.4018720952015406E+02
  9.2285156250000000E-02  8.4082690172811272E+02  6.3958387394178067E+02
  9.3261718750000000E-02  8.4044607958727033E+02  6.3898052226946220E+02
  9.4238281250000000E-02  8.4006444362520767E+02  6.3837715666216434E+02
  9.5214843750000000E-02  8.3968199493926545E+02  6.3777377928322471E+02
  9.6191406250000000E-02  8.3929873463241665E+02  6.3717039228245801E+02
  9.7167968750000000E-02  8.3891466381078351E+02  6.3656699782570820E+02
  9.8144531250000000E-02  8.3852978358622545E+02  6.3596359806662485E+02
  9.9121093750000000E-02  8.3814409507474795E+02  6.3536019516207671E+02
  1.0009765625000000E-01  8.3775759939681825E+02  6.3475679126977946E+02
  1.0107421875000000E-01  8.3737029767845740E+02  6.3415338853629908E+02
  1.0205078125000000E-01  8.3698219104894486E+02  6.3354998912056283E+02
  1.0302734375000000E-01  8.3659328064304395E+02  6.3294659517263131E+02
  1.0400390625000000E-01  8.3620356760005848E+02  6.3234320884005979E+02
  1.0498046875000000E-01  8.3581305306340585E+02  6.3173983227493454E+02
  1.0595703125000000E-01  8.3542173818174058E+02  6.3113646762196322E+02
  1.0693359375000000E-01  8.3502962410733608E+02  6.3053311703250301E+02
  1.0791015625000000E-01  8.3463671199780106E+02  6.2992978265121997E+02
  1.0888671875000000E-01  8.3424300301521487E+02  6.2932646661909689E+02
  1.0986328125000000E-01  8.3384849832554698E+02  6.2872317108564425E+02
  1.1083984375000000E-01  8.3345319910025376E+02  6.2811989818602251E+02
  1.1181640625000000E-01  8.3305710651492291E+02  6.2751665006161306E+02
  1.1279296875000000E-01  8.3266022174895488E+02  6.2691342885657809E+02
  1.1376953125000000E-01  8.3226254598741048E+02  6.2631023670464174E+02
  1.1474609375000000E-01  8.3186408041880532E+02  6.2570707574636913E+02
  1.1572265625000000E-01  8.3146482623673944E+02  6.2510394811630965E+02
  1.1669921875000000E-01  8.3106478463895564E+02  6.2450085595120686E+02
  1.1767578125000000E-01  8.3066395682802113E+02  6.2389780138085143E+02
  1.1865234375000000E-01  8.3026234401106535E+02  6.2329478653581987E+02
  1.1962890625000000E-01  8.2985994739873468E+02  6.2269181355132730E+02
  1.2060546875000000E-01  8.2945676820737026E+02  6.2208888455186138E+02
  1.2158203125000000E-01  8.2905280765662530E+02  6.2148600166881329E+02
  1.2255859375000000E-01  8.2864806697122117E+02  6.2088316702738939E+02
  1.2353515625000000E-01  8.2824254738010734E+02  6.2028038275322479E+02
  1.2451171875000000E-01  8.2783625011651679E+02  6.1967765096996413E+02
  1.2548828125000000E-01  8.2742917641867984E+02  6.1907497379695405E+02
  1.2646484375000000E-01  8.2702132752840703E+02  6.1847235335735968E+02
  1.2744140625000000E-01  8.2661270469165754E+02  6.1786979177483477E+02
  1.2841796875000000E-01  8.2620330916037858E+02  6.1726729115897092E+02
  1.2939453125000000E-01  8.2579314218907768E+02  6.1666485363169841E+02
  1.3037109375000000E-01  8.2538220503750642E+02  6.1606248130680251E+02
  1.3134765625000000E-01  8.2497049896976137E+02  6.1546017629656683E+02
  1.3232421875000000E-01  8.2455802525353306E+02  6.1485794071669466E+02
  1.3330078125000000E-01  8.2414478516207669E+02  6.1425577667303696E+02
  1.3427734375000000E-01  8.2373077997190455E+02  6.1365368627696216E+02
  1.3525390625000000E-01  8.2331601096380587E+02  6.1305167163837132E+02
  1.3623046875000000E-01  8.2290047942354681E+02  6.1244973486188360E+02
  1.3720703125000000E-01  8.2248418664129144E+02  6.1184787804759992E+02
  1.3818359375000000E-01  8.2206713391044332E+02  6.1124610330295081E+02
  1.3916015625000000E-01  8.2164932252945835E+02  6.1064441272793988E+02
  1.4013671875000000E-01  8.2123075380105104E+02  6.1004280842098092E+02
  1.4111328125000000E-01  8.2081142903177772E+02  6.0944129248140098E+02
  1.4208984375000000E-01  8.2039134953222879E+02  6.0883986700808850E+02
  1.4306640625000000E-01  8.1997051661839191E+02  6.0823853409109392E+02
  1.4404296875000000E-01  8.1954893160930851E+02  6.0763729582597875E+02
  1.4501953125000000E-01  8.1912659582820709E+02  6.0703615430667980E+02
  1.4599609375000000E-01  8.1870351060369592E+02  6.0643511161835943E+02
  1.4697265625000000E-01  8.1827967726739689E+02  6.0583416985155714E+02
  1.4794921875000000E-01  8.1785509715527451E+02  6.0523333109407224E+02
  1.4892578125000000E-01  8.1742977160810915E+02  6.0463259742819946E+02
  1.4990234375000000E-01  8.1700370196951667E+02  6.0403197094285099E+02
  1.5087890625000000E-01  8.1657688958948449E+02  6.0343145371039282E+02
  1.5185546875000000E-01  8.1614933582014351E+02  6.0283104781494285E+02
  1.5283203125000000E-01  8.1572104201797868E+02  6.0223075533681958E+02
  1.5380859375000000E-01  8.1529200954487089E+02  6.0163057834739459E+02
  1.5478515625000000E-01  8.1486223976554311E+02  6.0103051892340136E+02
  1.5576171875000000E-01  8.1443173404923311E+02  6.0043057913743189E+02
  1.5673828125000000E-01  8.1400049376882419E+02  5.9983076106268209E+02
  1.5771484375000000E-01  8.1356852030258995E+02  5.9923106676339512E+02
  1.5869140625000000E-01  8.1313581503157286E+02  5.9863149830909140E+02
  1.5966796875000000E-01  8.1270237934106262E+02  5.9803205776638015E+02
  1.6064453125000000E-01  8.1226821462110684E+02  5.9743274719625379E+02
  1.6162109375000000E-01  8.1183332226484481E+02  5.9683356866286954E+02
  1.6259765625000000E-01  8.1139770367013068E+02  5.9623452422519199E+02
  1.6357421875000000E-01  8.1096136023891768E+02  5.9563561593900431E+02
  1.6455078125000000E-01  8.1052429337661295E+02  5.9503684586199211E+02
  1.6552734375000000E-01  8.1008650449240815E+02  5.9443821605066523E+02
  1.6650390625000000E-01  8.0964799500089100E+02  5.9383972855248885E+02
  1.6748046875000000E-01  8.0920876631923204E+02  5.9324138542008973E+02
  1.6845703125000000E-01  8.0876881986902947E+02  5.9264318870181353E+02
  1.6943359375000000E-01  8.0832815707508280E+02  5.9204514044804341E+02
  1.7041015625000000E-01  8.0788677936838519E+02  5.9144724269532207E+02
  1.7138671875000000E-01  8.0744468818163989E+02  5.9084949749003567E+02
  1.7236328125000000E-01  8.0700188495199404E+02  5.9025190687336999E+02
  1.7333984375000000E-01  8.0655837112089625E+02  5.8965447288369103E+02
  1.7431640625000000E-01  8.0611414813342026E+02  5.8905719755703149E+02
  1.7529296875000000E-01  8.0566921743921807E+02  5.8846008292647525E+02
  1.7626953125000000E-01  8.0522358049015668E+02  5.8786313102834811E+02
  1.7724609375000000E-01  8.0477723874422372E+02  5.8726634388864909E+02
  1.7822265625000000E-01  8.0433019366166627E+02  5.8666972353759093E+02
  1.7919921875000000E-01  8.0388244670727306E+02  5.8607327200076929E+02
  1.8017578125000000E-01  8.0343399934827676E+02  5.8547699130676301E+02
  1.8115234375000000E-01  8.0298485305879194E+02  5.8488088347046244E+02
  1.8212890625000000E-01  8.0253500931351641E+02  5.8428495051684058E+02
  1.8310546875000000E-01  8.0208446959318098E+02  5.8368919446121026E+02
  1.8408203125000000E-01  8.0163323538079862E+02  5.8309361732141497E+02
  1.8505859375000000E-01  8.0118130816406142E+02  5.8249822111045341E+02
  1.8603515625000000E-01  8.0072868943332696E+02  5.8190300784443616E+02
  1.8701171875000000E-01  8.0027538068515048E+02  5.8130797952435569E+02
  1.8798828125000000E-01  7.9982138341810060E+02  5.8071313815997451E+02
  1.8896484375000000E-01  7.9936669913380081E+02  5.8011848575903537E+02
  1.8994140625000000E-01  7.9891132933941003E+02  5.7952402432175768E+02
  1.9091796875000000E-01  7.9845527554392652E+02  5.7892975585209956E+02
  1.9189453125000000E-01  7.9799853926188018E+02  5.7833568234540280E+02
  1.9287109375000000E-01  7.9754112201063822E+02  5.7774180579841732E+02
  1.9384765625000000E-01  7.9708302531028653E+02  5.7714812820847294E+02
  1.9482421875000000E-01  7.9662425068714458E+02  5.7655465156224079E+02
  1.9580078125000000E-01  7.9616479966844611E+02  5.7596137785315182E+02
  1.9677734375000000E-01  7.9570467378724356E+02  5.7536830906582463E+02
  1.9775390625000000E-01  7.9524387457859916E+02  5.7477544718730792E+02
  1.9873046875000000E-01  7.9478240358184394E+02  5.7418279420117415E+02
  1.9970703125000000E-01  7.9432026234067291E+02  5.7359035208478804E+02
  2.0068359375000000E-01  7.9385745240169399E+02  5.7299812281706295E+02
  2.0166015625000000E-01  7.9339397531443069E+02  5.7240610837589725E+02
  2.0263671875000000E-01  7.9292983263372878E+02  5.7181431073205988E+02
  2.0361328125000000E-01  7.9246502591656179E+02  5.7122273185804102E+02
  2.0458984375000000E-01  7.9199955672345698E+02  5.7063137372401343E+02
  2.0556640625000000E-01  7.9153342661939860E+02  5.7004023829591199E+02
  2.0654296875000000E-01  7.9106663717297113E+02  5.6944932753546732E+02
  2.0751953125000000E-01  7.9059918995553562E+02  5.6885864340583896E+02
  2.0849609375000000E-01  7.9013108654258428E+02  5.6826818786559431E+02
  2.0947265625000000E-01  7.8966232851208315E+02  5.6767796287370322E+02
  2.1044921875000000E-01  7.8919291744729060E+02  5.6708797038194621E+02
  2.1142578125000000E-01  7.8872285493312165E+02  5.6649821234488809E+02
  2.1240234375000000E-01  7.8825214255895321E+02  5.6590869071118232E+02
  2.1337890625000000E-01  7.8778078191749512E+02  5.6531940742919278E+02
  2.1435546875000000E-01  7.8730877460579291E+02  5.6473036443954868E+02
  2.1533203125000000E-01  7.8683612222216220E+02  5.6414156368911119E+02
  2.1630859375000000E-01  7.8636282637062948E+02  5.6355300711460745E+02
  2.1728515625000000E-01  7.8588888865763784E+02  5.6296469665376242E+02
  2.1826171875000000E-01  7.8541431069282817E+02  5.6237663424208870E+02
  2.1923828125000000E-01  7.8493909408898242E+02  5.6178882181324798E+02
  2.2021484375000000E-01  7.8446324046389600E+02  5.6120126129428309E+02
  2.2119140625000000E-01  7.8398675143714445E+02  5.6061395461378834E+02
  2.2216796875000000E-01  7.8350962863098857E+02  5.6002690370000118E+02
  2.2314453125000000E-01  7.8303187367468604E+02  5.5944011046805144E+02
  2.2412109375000000E-01  7.8255348819723599E+02  5.5885357684102235E+02
  2.2509765625000000E-01  7.8207447383187434E+02  5.5826730473666851E+02
  2.2607421875000000E-01  7.8159483221605228E+02  5.5768129606798470E+02
  2.2705078125000000E-01  7.8111456498935422E+02  5.5709555274828062E+02
  2.2802734375000000E-01  7.8063367379586407E+02  5.5651007668534908E+02
  2.2900390625000000E-01  7.8015216028149689E+02  5.5592486978792044E+02
  2.2998046875000000E-01  7.7967002609743372E+02  5.5533993395731397E+02
  2.3095703125000000E-01  7.7918727289645130E+02  5.5475527109626341E+02
  2.3193359375000000E-01  7.7870390233442777E+02  5.5417088310565191E+02
  2.3291015625000000E-01  7.7821991607203427E+02  5.5358677187869921E+02
  2.3388671875000000E-01  7.7773531577279164E+02  5.5300293930824841E+02
  2.3486328125000000E-01  7.7725010310243204E+02  5.5241938728641048E+02
  2.3583984375000000E-01  7.7676427973015439E+02  5.5183611770199673E+02
  2.3681640625000000E-01  7.7627784732929194E+02  5.5125313243896244E+02
  2.3779296875000000E-01  7.7579080757512338E+02  5.5067043338144413E+02
  2.3876953125000000E-01  7.7530316214735876E+02  5.5008802240797991E+02
  2.3974609375000000E-01  7.7481491272753919E+02  5.4950590139766462E+02
  2.4072265625000000E-01  7.7432606100124815E+02  5.4892407222416830E+02
  2.4169921875000000E-01  7.7383660865783531E+02  5.4834253675768787E+02
  2.4267578125000000E-01  7.7334655738794572E+02  5.4776129686994341E+02
  2.4365234375000000E-01  7.7285590888684965E+02  5.4718035442564064E+02
  2.4462890625000000E-01  7.7236466485281051E+02  5.4659971128743757E+02
  2.4560546875000000E-01  7.7187282698581225E+02  5.4601936931851492E+02
  2.4658203125000000E-01  7.7138039699117144E+02  5.4543933037410011E+02
  2.4755859375000000E-01  7.7088737657543334E+02  5.4485959631068249E+02
  2.4853515625000000E-01  7.7039376744848039E+02  5.4428016898131546E+02
  2.4951171875000000E-01  7.6989957132424024E+02  5.4370105023407746E+02
  2.5048828125000000E-01  7.6940478991834902E+02  5.4312224191708833E+02
  2.5146484375000000E-01  7.6890942495080299E+02  5.4254374587276095E+02
  2.5244140625000000E-01  7.6841347814361052E+02  5.4196556394280788E+02
  2.5341796875000000E-01  7.6791695122131750E+02  5.4138769796739473E+02
  2.5439453125000000E-01  7.6741984591318408E+02  5.4081014977912241E+02
  2.5537109375000000E-01  7.6692216395101912E+02  5.4023292120970598E+02
  2.5634765625000000E-01  7.6642390706845890E+02  5.3965601408999805E+02
  2.5732421875000000E-01  7.6592507700272949E+02  5.3907943024661836E+02
  2.5830078125000000E-01  7.6542567549399826E+02  5.3850317150328237E+02
  2.5927734375000000E-01  7.6492570428469980E+02  5.3792723968213829E+02
  2.6025390625000000E-01  7.6442516512216093E+02  5.3735163659838645E+02
  2.6123046875000000E-01  7.6392405975464976E+02  5.3677636406830470E+02
  2.6220703125000000E-01  7.6342238993349133E+02  5.3620142390515502E+02
  2.6318359375000000E-01  7.6292015741398779E+02  5.3562681791619741E+02
  2.6416015625000000E-01  7.6241736395393355E+02  5.3505254790735285E+02
  2.6513671875000000E-01  7.6191401131303292E+02  5.3447861568316432E+02
  2.6611328125000000E-01  7.6141010125442688E+02  5.3390502304430584E+02
  2.6708984375000000E-01  7.6090563554552512E+02  5.3333177178476149E+02
  2.6806640625000000E-01  7.6040061595441693E+02  5.3275886370062233E+02
  2.6904296875000000E-01  7.5989504425214034E+02  5.3218630058436543E+02
  2.7001953125000000E-01  7.5938892221458195E+02  5.3161408422149395E+02
  2.7099609375000000E-01  7.5888225161837067E+02  5.3104221639843263E+02
  2.7197265625000000E-01  7.5837503424358465E+02  5.3047069889726163E+02
  2.7294921875000000E-01  7.5786727187306133E+02  5.2989953349701841E+02
  2.7392578125000000E-01  7.5735896629238539E+02  5.2932872197368920E+02
  2.7490234375000000E-01  7.5685011928917049E+02  5.2875826610151557E+02
  2.7587890625000000E-01  7.5634073265586176E+02  5.2818816764773442E+02
  2.7685546875000000E-01  7.5583080818551696E+02  5.2761842838042719E+02
  2.7783203125000000E-01  7.5532034767411301E+02  5.2704905006429271E+02
  2.7880859375000000E-01  7.5480935292173069E+02  5.2648003445791710E+02
  2.7978515625000000E-01  7.5429782572932754E+02  5.2591138332048979E+02
  2.8076171875000000E-01  7.5378576790214265E+02  5.2534309840499577E+02
  2.8173828125000000E-01  7.5327318124691760E+02  5.2477518146338173E+02
  2.8271484375000000E-01  7.5276006757301923E+02  5.2420763424446841E+02
  2.8369140625000000E-01  7.5224642869360900E+02  5.2364045849184777E+02
  2.8466796875000000E-01  7.5173226642280531E+02  5.2307365594903581E+02
  2.8564453125000000E-01  7.5121758257917668E+02  5.2250722835273575E+02
  2.8662109375000000E-01  7.5070237898242112E+02  5.2194117743944253E+02
  2.8759765625000000E-01  7.5018665745454564E+02  5.2137550494279060E+02
  2.8857421875000000E-01  7.4967041982235764E+02  5.2081021258934675E+02
  2.8955078125000000E-01  7.4915366791298641E+02  5.2024530210636078E+02
  2.9052734375000000E-01  7.4863640355683833E+02  5.1968077521659370E+02
  2.9150390625000000E-01  7.4811862858684458E+02  5.1911663363959826E+02
  2.9248046875000000E-01  7.4760034483844834E+02  5.1855287909170988E+02
  2.9345703125000000E-01  7.4708155414959356E+02  5.1798951328603789E+02
  2.9443359375000000E-01  7.4656225835884311E+02  5.1742653793595707E+02
  2.9541015625000000E-01  7.4604245931281844E+02  5.1686395474111578E+02
  2.9638671875000000E-01  7.4552215885504029E+02  5.1630176540838261E+02
  2.9736328125000000E-01  7.4500135883332723E+02  5.1573997163788067E+02
  2.9833984375000000E-01  7.4448006109793505E+02  5.1517857512646594E+02
  2.9931640625000000E-01  7.4395826750055858E+02  5.1461757756950601E+02
  3.0029296875000000E-01  7.4343597989782870E+02  5.1405698065440902E+02
  3.0126953125000000E-01  7.4291320014710095E+02  5.1349678606860630E+02
  3.0224609375000000E-01  7.4238993010783872E+02  5.1293699549647499E+02
  3.0322265625000000E-01  7.4186617164187101E+02  5.1237761061908304E+02
  3.0419921875000000E-01  7.4134192661465818E+02  5.1181863311216739E+02
  3.0517578125000000E-01  7.4081719689274530E+02  5.1126006465015030E+02
  3.0615234375000000E-01  7.4029198434543378E+02  5.1070190690345277E+02
  3.0712890625000000E-01  7.3976629084434899E+02  5.1014416153915437E+02
  3.0810546875000000E-01  7.3924011826342712E+02  5.0958683022098620E+02
  3.0908203125000000E-01  7.3871346847890345E+02  5.0902991460932242E+02
  3.1005859375000000E-01  7.3818634336847686E+02  5.0847341636242385E+02
  3.1103515625000000E-01  7.3765874481457604E+02  5.0791733713143032E+02
  3.1201171875000000E-01  7.3713067469944303E+02  5.0736167856784232E+02
  3.1298828125000000E-01  7.3660213490838009E+02  5.0680644231852648E+02
  3.1396484375000000E-01  7.3607312732892501E+02  5.0625163002695308E+02
  3.1494140625000000E-01  7.3554365384966638E+02  5.0569724333516393E+02
  3.1591796875000000E-01  7.3501371636490398E+02  5.0514328387586613E+02
  3.1689453125000000E-01  7.3448331676764428E+02  5.0458975328426550E+02
  3.1787109375000000E-01  7.3395245695423762E+02  5.0403665319016841E+02
  3.1884765625000000E-01  7.3342113882235617E+02  5.0348398522117543E+02
  3.1982421875000000E-01  7.3288936427436897E+02  5.0293175099776334E+02
  3.2080078125000000E-01  7.3235713521226148E+02  5.0237995214063221E+02
  3.2177734375000000E-01  7.3182445353990852E+02  5.0182859026747366E+02
  3.2275390625000000E-01  7.3129132116654580E+02  5.0127766698750281E+02
  3.2373046875000000E-01  7.3075774000028616E+02  5.0072718391146645E+02
  3.2470703125000000E-01  7.3022371195240976E+02  5.0017714264496419E+02
  3.2568359375000000E-01  7.2968923893627891E+02  4.9962754479010704E+02
  3.2666015625000000E-01  7.2915432286685700E+02  4.9907839194615605E+02
  3.2763671875000000E-01  7.2861896566256019E+02  4.9852968570693332E+02
  3.2861328125000000E-01  7.2808316924245560E+02  4.9798142766468322E+02
  3.2958984375000000E-01  7.2754693552810352E+02  4.9743361940748861E+02
  3.3056640625000000E-01  7.2701026644260833E+02  4.9688626252054598E+02
  3.3154296875000000E-01  7.2647316391249183E+02  4.9633935858360394E+02
  3.3251953125000000E-01  7.2593562986485927E+02  4.9579290917478318E+02
  3.3349609375000000E-01  7.2539766622926254E+02  4.9524691586802089E+02
  3.3447265625000000E-01  7.2485927493721897E+02  4.9470138023369918E+02
  3.3544921875000000E-01  7.2432045792219833E+02  4.9415630383863851E+02
  3.3642578125000000E-01  7.2378121711961080E+02  4.9361168824609035E+02
  3.3740234375000000E-01  7.2324155446679333E+02  4.9306753501572962E+02
  3.3837890625000000E-01  7.2270147190299645E+02  4.9252384570364853E+02
  3.3935546875000000E-01  7.2216097136845758E+02  4.9198062186352462E+02
  3.4033203125000000E-01  7.2162005480803714E+02  4.9143786504191348E+02
  3.4130859375000000E-01  7.2107872416574412E+02  4.9089557678528706E+02
  3.4228515625000000E-01  7.2053698138835534E+02  4.9035375863533307E+02
  3.4326171875000000E-01  7.1999482842449720E+02  4.8981241213012117E+02
  3.4423828125000000E-01  7.1945226722399798E+02  4.8927153880492767E+02
  3.4521484375000000E-01  7.1890929974040546E+02  4.8873114018890135E+02
  3.4619140625000000E-01  7.1836592792718648E+02  4.8819121781004549E+02
  3.4716796875000000E-01  7.1782215374023417E+02  4.8765177319188695E+02
  3.4814453125000000E-01  7.1727797913722497E+02  4.8711280785429898E+02
  3.4912109375000000E-01  7.1673340607760713E+02  4.8657432331349571E+02
  3.5009765625000000E-01  7.1618843652258636E+02  4.8603632108202464E+02
  3.5107421875000000E-01  7.1564307243511371E+02  4.8549880266875999E+02
  3.5205078125000000E-01  7.1509731577891853E+02  4.8496176958003582E+02
  3.5302734375000000E-01  7.1455116852230231E+02  4.8442522331508371E+02
  3.5400390625000000E-01  7.1400463263242682E+02  4.8388916537285479E+02
  3.5498046875000000E-01  7.1345771007909286E+02  4.8335359724746388E+02
  3.5595703125000000E-01  7.1291040283378084E+02  4.8281852042931939E+02
  3.5693359375000000E-01  7.1236271286963779E+02  4.8228393640511672E+02
  3.5791015625000000E-01  7.1181464216146435E+02  4.8174984665783182E+02
  3.5888671875000000E-01  7.1126619268570198E+02  4.8121625266671464E+02
  3.5986328125000000E-01  7.1071736641974508E+02  4.8068315590807515E+02
  3.6083984375000000E-01  7.1016816534461975E+02  4.8015055785210723E+02
  3.6181640625000000E-01  7.0961859144094149E+02  4.7961845996763634E+02
  3.6279296875000000E-01  7.0906864669158267E+02  4.7908686371894407E+02
  3.6376953125000000E-01  7.0851833308099060E+02  4.7855577056655403E+02
  3.6474609375000000E-01  7.0796765259464246E+02  4.7802518196781676E+02
  3.6572265625000000E-01  7.0741660722115716E+02  4.7749509937453945E+02
  3.6669921875000000E-01  7.0686519894910043E+02  4.7696552423652417E+02
  3.6767578125000000E-01  7.0631342976908854E+02  4.7643645799919972E+02
  3.6865234375000000E-01  7.0576130167324766E+02  4.7590790210420562E+02
  3.6962890625000000E-01  7.0520881665519960E+02  4.7537985798938575E+02
  3.7060546875000000E-01  7.0465597671004991E+02  4.7485232708878277E+02
  3.7158203125000000E-01  7.0410278383383081E+02  4.7432531083321106E+02
  3.7255859375000000E-01  7.0354924002565690E+02  4.7379881064793335E+02
  3.7353515625000000E-01  7.0299534728446474E+02  4.7327282795612950E+02
  3.7451171875000000E-01  7.0244110761116065E+02  4.7274736417657545E+02
  3.7548828125000000E-01  7.0188652300806871E+02  4.7222242072421494E+02
  3.7646484375000000E-01  7.0133159547891682E+02  4.7169799901015369E+02
  3.7744140625000000E-01  7.0077632702882374E+02  4.7117410044165456E+02
  3.7841796875000000E-01  7.0022071966428689E+02  4.7065072642213045E+02
  3.7939453125000000E-01  6.9966477539316770E+02  4.7012787835113875E+02
  3.8037109375000000E-01  6.9910849622467936E+02  4.6960555762437582E+02
  3.8134765625000000E-01  6.9855188416937335E+02  4.6908376563367136E+02
  3.8232421875000000E-01  6.9799494123912621E+02  4.6856250376698176E+02
  3.8330078125000000E-01  6.9743766944712661E+02  4.6804177340838532E+02
  3.8427734375000000E-01  6.9688007080786178E+02  4.6752157593807601E+02
  3.8525390625000000E-01  6.9632214733710498E+02  4.6700191273235782E+02
  3.8623046875000000E-01  6.9576390105190114E+02  4.6648278516363951E+02
  3.8720703125000000E-01  6.9520533397055499E+02  4.6596419460042853E+02
  3.8818359375000000E-01  6.9464644811261655E+02  4.6544614240732579E+02
  3.8916015625000000E-01  6.9408724549779402E+02  4.6492862994605662E+02
  3.9013671875000000E-01  6.9352772815023491E+02  4.6441165857131807E+02
  3.9111328125000000E-01  6.9296789809207871E+02  4.6389522963699471E+02
  3.9208984375000000E-01  6.9240775734772774E+02  4.6337934449200532E+02
  3.9306640625000000E-01  6.9184730794276425E+02  4.6286400448133475E+02
  3.9404296875000000E-01  6.9128655190393670E+02  4.6234921094602822E+02
  3.9501953125000000E-01  6.9072549125914770E+02  4.6183496522318609E+02
  3.9599609375000000E-01  6.9016412803743970E+02  4.6132126864595853E+02
  3.9697265625000000E-01  6.8960246426898220E+02  4.6080812254354026E+02
  3.9794921875000000E-01  6.8904050198505877E+02  4.6029552824116502E+02
  3.9892578125000000E-01  6.8847824321805319E+02  4.5978348706010075E+02
  3.9990234375000000E-01  6.8791569000143659E+02  4.5927200031764403E+02
  4.0087890625000000E-01  6.8735284436975485E+02  4.5876106932711514E+02
  4.0185546875000000E-01  6.8678970835861412E+02  4.5825069539785250E+02
  4.0283203125000000E-01  6.8622628400466829E+02  4.5774087983520837E+02
  4.0380859375000000E-01  6.8566257334560589E+02  4.5723162394054270E+02
  4.0478515625000000E-01  6.8509857842013650E+02  4.5672292901121921E+02
  4.0576171875000000E-01  6.8453430126797775E+02  4.5621479634059921E+02
  4.0673828125000000E-01  6.8396974392984180E+02  4.5570722721803770E+02
  4.0771484375000000E-01  6.8340490844742294E+02  4.5520022292887745E+02
  4.0869140625000000E-01  6.8283979686338262E+02  4.5469378475444489E+02
  4.0966796875000000E-01  6.8227441121982611E+02  4.5418791397329778E+02
  4.1064453125000000E-01  6.8170875356432975E+02  4.5368261185620526E+02
  4.1162109375000000E-01  6.8114282594087558E+02  4.5317787967367002E+02
  4.1259765625000000E-01  6.8057663039586646E+02  4.5267371869090300E+02
  4.1357421875000000E-01  6.8001016897660702E+02  4.5217013016907390E+02
  4.1455078125000000E-01  6.7944344373129115E+02  4.5166711536530727E+02
  4.1552734375000000E-01  6.7887645670898769E+02  4.5116467553267677E+02
  4.1650390625000000E-01  6.7830920995962856E+02  4.5066281192020159E+02
  4.1748046875000000E-01  6.7774170553399449E+02  4.5016152577284089E+02
  4.1845703125000000E-01  6.7717394548370180E+02  4.4966081833148962E+02
  4.1943359375000000E-01  6.7660593186118979E+02  4.4916069083297396E+02
  4.2041015625000000E-01  6.7603766671970743E+02  4.4866114451004660E+02
  4.2138671875000000E-01  6.7546915211329895E+02  4.4816218059138237E+02
  4.2236328125000000E-01  6.7490039009679276E+02  4.4766380030157347E+02
  4.2333984375000000E-01  6.7433138272578594E+02  4.4716600486112566E+02
  4.2431640625000000E-01  6.7376213205663271E+02  4.4666879548645272E+02
  4.2529296875000000E-01  6.7319264014642999E+02  4.4617217338987325E+02
  4.2626953125000000E-01  6.7262290905300529E+02  4.4567613977960559E+02
  4.2724609375000000E-01  6.7205294083490230E+02  4.4518069585976360E+02
  4.2822265625000000E-01  6.7148273755136893E+02  4.4468584283035250E+02
  4.2919921875000000E-01  6.7091230126234291E+02  4.4419158188726465E+02
  4.3017578125000000E-01  6.7034163402843933E+02  4.4369791422227473E+02
  4.3115234375000000E-01  6.6977073791093710E+02  4.4320484102303647E+02
  4.3212890625000000E-01  6.6919961497176564E+02  4.4271236347307786E+02
  4.3310546875000000E-01  6.6862826727349227E+02  4.4222048275179668E+02
  4.3408203125000000E-01  6.6805669687930776E+02  4.4172920003445768E+02
  4.3505859375000000E-01  6.6748490585301488E+02  4.4123851649218682E+02
  4.3603515625000000E-01  6.6691289625901345E+02  4.4074843329196847E+02
  4.3701171875000000E-01  6.6634067016228823E+02  4.4025895159664088E+02
  4.3798828125000000E-01  6.6576822962839503E+02  4.3977007256489230E+02
  4.3896484375000000E-01  6.6519557672344831E+02  4.3928179735125696E+02
  4.3994140625000000E-01  6.6462271351410709E+02  4.3879412710611126E+02
  4.4091796875000000E-01  6.6404964206756233E+02  4.3830706297566957E+02
  4.4189453125000000E-01  6.6347636445152364E+02  4.3782060610198084E+02
  4.4287109375000000E-01  6.6290288273420595E+02  4.3733475762292437E+02
  4.4384765625000000E-01  6.6232919898431624E+02  4.3684951867220627E+02
  4.4482421875000000E-01  6.6175531527104067E+02  4.3636489037935547E+02
  4.4580078125000000E-01  6.6118123366403097E+02  4.3588087386972018E+02
  4.4677734375000000E-01  6.6060695623339188E+02  4.3539747026446389E+02
  4.4775390625000000E-01  6.6003248504966700E+02  4.3491468068056241E+02
  4.4873046875000000E-01  6.5945782218382692E+02  4.3443250623079905E+02
  4.4970703125000000E-01  6.5888296970725469E+02  4.3395094802376207E+02
  4.5068359375000000E-01  6.5830792969173353E+02  4.3347000716384071E+02
  4.5166015625000000E-01  6.5773270420943356E+02  4.3298968475122149E+02
  4.5263671875000000E-01  6.5715729533289823E+02  4.3250998188188498E+02
  4.5361328125000000E-01  6.5658170513503160E+02  4.3203089964760210E+02
  4.5458984375000000E-01  6.5600593568908494E+02  4.3155243913593051E+02
  4.5556640625000000E-01  6.5542998906864364E+02  4.3107460143021206E+02
  4.5654296875000000E-01  6.5485386734761414E+02  4.3059738760956799E+02
  4.5751953125000000E-01  6.5427757260021053E+02  4.3012079874889690E+02
  4.5849609375000000E-01  6.5370110690271224E+02  4.2964483591782664E+02
  4.5947265625000000E-01  6.5312447232637192E+02  4.2916950018489240E+02
  4.6044921875000000E-01  6.5254767094801559E+02  4.2869479261125372E+02
  4.6142578125000000E-01  6.5197070484295807E+02  4.2822071425488349E+02
  4.6240234375000000E-01  6.5139357608675516E+02  4.2774726616951460E+02
  4.6337890625000000E-01  6.5081628675519278E+02  4.2727444940463749E+02
  4.6435546875000000E-01  6.5023883892427182E+02  4.2680226500549668E+02
  4.6533203125000000E-01  6.4966123467019725E+02  4.2633071401308769E+02
  4.6630859375000000E-01  6.4908347606936263E+02  4.2585979746415410E+02
  4.6728515625000000E-01  6.4850556519833901E+02  4.2538951639118443E+02
  4.6826171875000000E-01  6.4792750413386057E+02  4.2491987182240899E+02
  4.6923828125000000E-01  6.4734929495281199E+02  4.2445086478179724E+02
  4.7021484375000000E-01  6.4677093973221565E+02  4.2398249628905432E+02
  4.7119140625000000E-01  6.4619244054921796E+02  4.2351476735961876E+02
  4.7216796875000000E-01  6.4561379948107674E+02  4.2304767900465902E+02
  4.7314453125000000E-01  6.4503501860514803E+02  4.2258123223107111E+02
  4.7412109375000000E-01  6.4445609999887279E+02  4.2211542804147518E+02
  4.7509765625000000E-01  6.4387704573976453E+02  4.2165026743421356E+02
  4.7607421875000000E-01  6.4329785790539518E+02  4.2118575140334713E+02
  4.7705078125000000E-01  6.4271853857338306E+02  4.2072188093865316E+02
  4.7802734375000000E-01  6.4213908982137968E+02  4.2025865702562237E+02
  4.7900390625000000E-01  6.4155951372840639E+02  4.1979608064467931E+02
  4.7998046875000000E-01  6.4097981236943974E+02  4.1933415277429282E+02
  4.8095703125000000E-01  6.4039998782350278E+02  4.1887287438629653E+02
  4.8193359375000000E-01  6.3982004216824873E+02  4.1841224644900865E+02
  4.8291015625000000E-01  6.3923997748129807E+02  4.1795226992644837E+02
  4.8388671875000000E-01  6.3865979584022693E+02  4.1749294577833251E+02
  4.8486328125000000E-01  6.3807949932255246E+02  4.1703427496007350E+02
  4.8583984375000000E-01  6.3749909000572188E+02  4.1657625842277690E+02
  4.8681640625000000E-01  6.3691856996709726E+02  4.1611889711323892E+02
  4.8779296875000000E-01  6.3633794128394436E+02  4.1566219197394389E+02
  4.8876953125000000E-01  6.3575720603341870E+02  4.1520614394306210E+02
  4.8974609375000000E-01  6.3517636629255333E+02  4.1475075395444753E+02
  4.9072265625000000E-01  6.3459542413824443E+02  4.1429602293763531E+02
  4.9169921875000000E-01  6.3401438164724073E+02  4.1384195181783980E+02
  4.9267578125000000E-01  6.3343324089612815E+02  4.1338854151595194E+02
  4.9365234375000000E-01  6.3285200396131813E+02  4.1293579294853737E+02
  4.9462890625000000E-01  6.3227067291903529E+02  4.1248370702783444E+02
  4.9560546875000000E-01  6.3168924984530315E+02  4.1203228466175136E+02
  4.9658203125000000E-01  6.3110773681667683E+02  4.1158152675347685E+02
  4.9755859375000000E-01  6.3052613590724877E+02  4.1113143420303271E+02
  4.9853515625000000E-01  6.2994444919311059E+02  4.1068200790493489E+02
  4.9951171875000000E-01  6.2936267874935481E+02  4.1023324874975236E+02
  5.0048828125000000E-01  6.2878082665080956E+02  4.0978515762371433E+02
  5.0146484375000000E-01  6.2819889497202485E+02  4.0933773540870811E+02
  5.0244140625000000E-01  6.2761688578726057E+02  4.0889098298227725E+02
  5.0341796875000000E-01  6.2703480117122854E+02  4.0844490121724084E+02
  5.0439453125000000E-01  6.2645264319605531E+02  4.0799949098321025E+02
  5.0537109375000000E-01  6.2587041393580910E+02  4.0755475314430475E+02
  5.0634765625000000E-01  6.2528811546345901E+02  4.0711068856067448E+02
  5.0732421875000000E-01  6.2470574985161886E+02  4.0666729808811669E+02
  5.0830078125000000E-01  6.2412331917362576E+02  4.0622458257762042E+02
  5.0927734375000000E-01  6.2354082549916461E+02  4.0578254287718329E+02
  5.1025390625000000E-01  6.2295827090080002E+02  4.0534117982907662E+02
  5.1123046875000000E-01  6.2237565744959932E+02  4.0490049427166934E+02
  5.1220703125000000E-01  6.2179298721621137E+02  4.0446048703896929E+02
  5.1318359375000000E-01  6.2121026227085349E+02  4.0402115896062162E+02
  5.1416015625000000E-01  6.2062748468329914E+02  4.0358251086190734E+02
  5.1513671875000000E-01  6.2004465652431247E+02  4.0314454356306197E+02
  5.1611328125000000E-01  6.1946177985984036E+02  4.0270725788199843E+02
  5.1708984375000000E-01  6.1887885675969983E+02  4.0227065463021052E+02
  5.1806640625000000E-01  6.1829588929176043E+02  4.0183473461550722E+02
  5.1904296875000000E-01  6.1771287952338423E+02  4.0139949864132620E+02
  5.2001953125000000E-01  6.1712982952141283E+02  4.0096494750673207E+02
  5.2099609375000000E-01  6.1654674135215464E+02  4.0053108200641566E+02
  5.2197265625000000E-01  6.1596361708137306E+02  4.0009790293069204E+02
  5.2294921875000000E-01  6.1538045877427203E+02  3.9966541106549977E+02
  5.2392578125000000E-01  6.1479726849661972E+02  3.9923360719197598E+02
  5.2490234375000000E-01  6.1421404831019481E+02  3.9880249208815246E+02
  5.2587890625000000E-01  6.1363080027958802E+02  3.9837206652640322E+02
  5.2685546875000000E-01  6.1304752646764382E+02  3.9794233127514786E+02
  5.2783203125000000E-01  6.1246422893658564E+02  3.9751328709842352E+02
  5.2880859375000000E-01  6.1188090974947659E+02  3.9708493475524284E+02
  5.2978515625000000E-01  6.1129757096430581E+02  3.9665727500216286E+02
  5.3076171875000000E-01  6.1071421464283605E+02  3.9623030858941945E+02
  5.3173828125000000E-01  6.1013084284467936E+02  3.9580403626350915E+02
  5.3271484375000000E-01  6.0954745762876314E+02  3.9537845876654092E+02
  5.3369140625000000E-01  6.0896406105331823E+02  3.9495357683623536E+02
  5.3466796875000000E-01  6.0838065517586529E+02  3.9452939120592328E+02
  5.3564453125000000E-01  6.0779724205320395E+02  3.9410590260454569E+02
  5.3662109375000000E-01  6.0721382374139921E+02  3.9368311175665212E+02
  5.3759765625000000E-01  6.0663040229656440E+02  3.9326101938207114E+02
  5.3857421875000000E-01  6.0604697977166347E+02  3.9283962619723019E+02
  5.3955078125000000E-01  6.0546355822128271E+02  3.9241893291316831E+02
  5.4052734375000000E-01  6.0488013969842507E+02  3.9199894023686301E+02
  5.4150390625000000E-01  6.0429672625609737E+02  3.9157964887057267E+02
  5.4248046875000000E-01  6.0371331994408990E+02  3.9116105951313807E+02
  5.4345703125000000E-01  6.0312992281378297E+02  3.9074317285802238E+02
  5.4443359375000000E-01  6.0254653691491853E+02  3.9032598959462064E+02
  5.4541015625000000E-01  6.0196316429639103E+02  3.8990951040793072E+02
  5.4638671875000000E-01  6.0137980700848550E+02  3.8949373597783693E+02
  5.4736328125000000E-01  6.0079646709386134E+02  3.8907866698198114E+02
  5.4833984375000000E-01  6.0021314660105713E+02  3.8866430409144306E+02
  5.4931640625000000E-01  5.9962984757697166E+02  3.8825064797303963E+02
  5.5029296875000000E-01  5.9904657206304751E+02  3.8783769929095797E+02
  5.5126953125000000E-01  5.9846332210436390E+02  3.8742545870320896E+02
  5.5224609375000000E-01  5.9788009974354509E+02  3.8701392686399777E+02
  5.5322265625000000E-01  5.9729690702502683E+02  3.8660310442237454E+02
  5.5419921875000000E-01  5.9671374598401189E+02  3.8619299202526020E+02
  5.5517578125000000E-01  5.9613061866301564E+02  3.8578359031289563E+02
  5.5615234375000000E-01  5.9554752710080857E+02  3.8537489992188284E+02
  5.5712890625000000E-01  5.9496447333516699E+02  3.8496692148442253E+02
  5.5810546875000000E-01  5.9438145940439028E+02  3.8455965562774776E+02
  5.5908203125000000E-01  5.9379848734116172E+02  3.8415310297639508E+02
  5.6005859375000000E-01  5.9321555918174101E+02  3.8374726414878728E+02
  5.6103515625000000E-01  5.9263267695980630E+02  3.8334213975951860E+02
  5.6201171875000000E-01  5.9204984270798013E+02  3.8293773041878109E+02
  5.6298828125000000E-01  5.9146705845781821E+02  3.8253403673236545E+02
  5.6396484375000000E-01  5.9088432623979634E+02  3.8213105930166023E+02
  5.6494140625000000E-01  5.9030164808411644E+02  3.8172879872336131E+02
  5.6591796875000000E-01  5.8971902601741897E+02  3.8132725559064033E+02
  5.6689453125000000E-01  5.8913646206769204E+02  3.8092643049138627E+02
  5.6787109375000000E-01  5.8855395826179370E+02  3.8052632400909340E+02
  5.6884765625000000E-01  5.8797151662534407E+02  3.8012693672307972E+02
  5.6982421875000000E-01  5.8738913917816149E+02  3.7972826920932857E+02
  5.7080078125000000E-01  5.8680682794520976E+02  3.7933032203776838E+02
  5.7177734375000000E-01  5.8622458494789453E+02  3.7893309577457813E+02
  5.7275390625000000E-01  5.8564241220643260E+02  3.7853659098153719E+02
  5.7373046875000000E-01  5.8506031174449174E+02  3.7814080821480178E+02
  5.7470703125000000E-01  5.8447828557055641E+02  3.7774574802981181E+02
  5.7568359375000000E-01  5.8389633570587637E+02  3.7735141097391073E+02
  5.7666015625000000E-01  5.8331446416579615E+02  3.7695779759128101E+02
  5.7763671875000000E-01  5.8273267296441259E+02  3.7656490842170632E+02
  5.7861328125000000E-01  5.8215096411456193E+02  3.7617274400057295E+02
  5.7958984375000000E-01  5.8156933962780977E+02  3.7578130485887004E+02
  5.8056640625000000E-01  5.8098780151598862E+02  3.7539059152268089E+02
  5.8154296875000000E-01  5.8040635178496677E+02  3.7500060451522705E+02
  5.8251953125000000E-01  5.7982499244398741E+02  3.7461134435379290E+02
  5.8349609375000000E-01  5.7924372550071007E+02  3.7422281155146658E+02
  5.8447265625000000E-01  5.7866255295755275E+02  3.7383500661789969E+02
  5.8544921875000000E-01  5.7808147682033973E+02  3.7344793005712268E+02
  5.8642578125000000E-01  5.7750049908973062E+02  3.7306158236989592E+02
  5.8740234375000000E-01  5.7691962176752759E+02  3.7267596405178335E+02
  5.8837890625000000E-01  5.7633884685414387E+02  3.7229107559396607E+02
  5.8935546875000000E-01  5.7575817634610848E+02  3.7190691748402133E+02
  5.9033203125000000E-01  5.7517761224236858E+02  3.7152349020403938E+02
  5.9130859375000000E-01  5.7459715653565809E+02  3.7114079423291133E+02
  5.9228515625000000E-01  5.7401681122282548E+02  3.7075883004372758E+02
  5.9326171875000000E-01  5.7343657829323604E+02  3.7037759810696150E+02
  5.9423828125000000E-01  5.7285645973954092E+02  3.6999709888723390E+02
  5.9521484375000000E-01  5.7227645755134745E+02  3.6961733284527241E+02
  5.9619140625000000E-01  5.7169657371679136E+02  3.6923830043742021E+02
  5.9716796875000000E-01  5.7111681022252424E+02  3.6886000211563771E+02
  5.9814453125000000E-01  5.7053716905527153E+02  3.6848243832703406E+02
  5.9912109375000000E-01  5.6995765219552845E+02  3.6810560951575332E+02
  6.0009765625000000E-01  5.6937826162701163E+02  3.6772951612013651E+02
  6.0107421875000000E-01  5.6879899933286708E+02  3.6735415857407526E+02
  6.0205078125000000E-01  5.6821986728704417E+02  3.6697953730873604E+02
  6.0302734375000000E-01  5.6764086747044553E+02  3.6660565274900642E+02
  6.0400390625000000E-01  5.6706200185734156E+02  3.6623250531668634E+02
  6.0498046875000000E-01  5.6648327242377093E+02  3.6586009542822671E+02
  6.0595703125000000E-01  5.6590468114254634E+02  3.6548842349637141E+02
  6.0693359375000000E-01  5.6532622998225952E+02  3.6511748992968808E+02
  6.0791015625000000E-01  5.6474792091419840E+02  3.6474729513169069E+02
  6.0888671875000000E-01  5.6416975590787138E+02  3.6437783950139419E+02
  6.0986328125000000E-01  5.6359173692644936E+02  3.6400912343478018E+02
  6.1083984375000000E-01  5.6301386593618145E+02  3.6364114732212397E+02
  6.1181640625000000E-01  5.6243614490007928E+02  3.6327391154978631E+02
  6.1279296875000000E-01  5.6185857577948741E+02  3.6290741649976593E+02
  6.1376953125000000E-01  5.6128116053563360E+02  3.6254166254926974E+02
  6.1474609375000000E-01  5.6070390112595328E+02  3.6217665007193909E+02
  6.1572265625000000E-01  5.6012679950307449E+02  3.6181237943727854E+02
  6.1669921875000000E-01  5.5954985762418369E+02  3.6144885100933777E+02
  6.1767578125000000E-01  5.5897307744294676E+02  3.6108606514810310E+02
  6.1865234375000000E-01  5.5839646090879842E+02  3.6072402220988522E+02
  6.1962890625000000E-01  5.5782000997276032E+02  3.6036272254574118E+02
  6.2060546875000000E-01  5.5724372658076595E+02  3.6000216650327616E+02
  6.2158203125000000E-01  5.5666761267948141E+02  3.5964235442507464E+02
  6.2255859375000000E-01  5.5609167021451424E+02  3.5928328664918968E+02
  6.2353515625000000E-01  5.5551590112639929E+02  3.5892496351031497E+02
  6.2451171875000000E-01  5.5494030735432830E+02  3.5856738533833112E+02
  6.2548828125000000E-01  5.5436489084017444E+02  3.5821055245813903E+02
  6.2646484375000000E-01  5.5378965351869670E+02  3.5785446519098775E+02
  6.2744140625000000E-01  5.5321459732354754E+02  3.5749912385418105E+02
  6.2841796875000000E-01  5.5263972419086394E+02  3.5714452875948518E+02
  6.2939453125000000E-01  5.5206503604906914E+02  3.5679068021550285E+02
  6.3037109375000000E-01  5.5149053482982777E+02  3.5643757852553733E+02
  6.3134765625000000E-01  5.5091622245984013E+02  3.5608522398924021E+02
  6.3232421875000000E-01  5.5034210086390658E+02  3.5573361690193542E+02
  6.3330078125000000E-01  5.4976817196660329E+02  3.5538275755419727E+02
  6.3427734375000000E-01  5.4919443769130612E+02  3.5503264623210464E+02
  6.3525390625000000E-01  5.4862089995478436E+02  3.5468328321858883E+02
  6.3623046875000000E-01  5.4804756067927610E+02  3.5433466879063388E+02
  6.3720703125000000E-01  5.4747442177537266E+02  3.5398680322266080E+02
  6.3818359375000000E-01  5.4690148516140971E+02  3.5363968678303399E+02
  6.3916015625000000E-01  5.4632875274636797E+02  3.5329331973740932E+02
  6.4013671875000000E-01  5.4575622644193231E+02  3.5294770234598133E+02
  6.4111328125000000E-01  5.4518390815705004E+02  3.5260283486482717E+02
  6.4208984375000000E-01  5.4461179979619635E+02  3.5225871754631902E+02
  6.4306640625000000E-01  5.4403990326513281E+02  3.5191535063772994E+02
  6.4404296875000000E-01  5.4346822046431816E+02  3.5157273438282385E+02
  6.4501953125000000E-01  5.4289675329617717E+02  3.5123086902011141E+02
  6.4599609375000000E-01  5.4232550365835959E+02  3.5088975478468853E+02
  6.4697265625000000E-01  5.4175447344290978E+02  3.5054939190752287E+02
  6.4794921875000000E-01  5.4118366454648947E+02  3.5020978061438313E+02
  6.4892578125000000E-01  5.4061307886244299E+02  3.4987092112682842E+02
  6.4990234375000000E-01  5.4004271827745697E+02  3.4953281366320221E+02
  6.5087890625000000E-01  5.3947258468071914E+02  3.4919545843648984E+02
  6.5185546875000000E-01  5.3890267995856993E+02  3.4885885565557601E+02
  6.5283203125000000E-01  5.3833300599508402E+02  3.4852300552522547E+02
  6.5380859375000000E-01  5.3776356466780760E+02  3.4818790824657572E+02
  6.5478515625000000E-01  5.3719435786331996E+02  3.4785356401469585E+02
  6.5576171875000000E-01  5.3662538744979565E+02  3.4751997302291068E+02
  6.5673828125000000E-01  5.3605665530429542E+02  3.4718713545857764E+02
  6.5771484375000000E-01  5.3548816330250179E+02  3.4685505150459329E+02
  6.5869140625000000E-01  5.3491991331187387E+02  3.4652372134083492E+02
  6.5966796875000000E-01  5.3435190720225273E+02  3.4619314514189165E+02
  6.6064453125000000E-01  5.3378414684053541E+02  3.4586332307827018E+02
  6.6162109375000000E-01  5.3321663408981385E+02  3.4553425531658104E+02
  6.6259765625000000E-01  5.3264937081372227E+02  3.4520594201880448E+02
  6.6357421875000000E-01  5.3208235886844500E+02  3.4487838334313562E+02
  6.6455078125000000E-01  5.3151560011097808E+02  3.4455157944354289E+02
  6.6552734375000000E-01  5.3094909639777893E+02  3.4422553046914908E+02
  6.6650390625000000E-01  5.3038284958300096E+02  3.4390023656485636E+02
  6.6748046875000000E-01  5.2981686151408371E+02  3.4357569787229602E+02
  6.6845703125000000E-01  5.2925113404143372E+02  3.4325191452773083E+02
  6.6943359375000000E-01  5.2868566901287454E+02  3.4292888666350143E+02
  6.7041015625000000E-01  5.2812046826552921E+02  3.4260661440881455E+02
  6.7138671875000000E-01  5.2755553364570187E+02  3.4228509788690326E+02
  6.7236328125000000E-01  5.2699086698933047E+02  3.4196433721826440E+02
  6.7333984375000000E-01  5.2642647013445890E+02  3.4164433251823402E+02
  6.7431640625000000E-01  5.2586234491823802E+02  3.4132508389776604E+02
  6.7529296875000000E-01  5.2529849316658635E+02  3.4100659146508877E+02
  6.7626953125000000E-01  5.2473491671275167E+02  3.4068885532257258E+02
  6.7724609375000000E-01  5.2417161738456525E+02  3.4037187556902848E+02
  6.7822265625000000E-01  5.2360859700297897E+02  3.4005565229961786E+02
  6.7919921875000000E-01  5.2304585739404160E+02  3.3974018560413822E+02
  6.8017578125000000E-01  5.2248340037482262E+02  3.3942547556942776E+02
  6.8115234375000000E-01  5.2192122776569977E+02  3.3911152227695800E+02
  6.8212890625000000E-01  5.2135934138556604E+02  3.3879832580450568E+02
  6.8310546875000000E-01  5.2079774303584168E+02  3.3848588622670820E+02
  6.8408203125000000E-01  5.2023643453273462E+02  3.3817420361253801E+02
  6.8505859375000000E-01  5.1967541768325930E+02  3.3786327802748991E+02
  6.8603515625000000E-01  5.1911469429484987E+02  3.3755310953230804E+02
  6.8701171875000000E-01  5.1855426616753289E+02  3.3724369818456353E+02
  6.8798828125000000E-01  5.1799413510724423E+02  3.3693504403622580E+02
  6.8896484375000000E-01  5.1743430290336119E+02  3.3662714713718361E+02
  6.8994140625000000E-01  5.1687477135621714E+02  3.3632000753121702E+02
  6.9091796875000000E-01  5.1631554225789091E+02  3.3601362525885554E+02
  6.9189453125000000E-01  5.1575661740083899E+02  3.3570800035603838E+02
  6.9287109375000000E-01  5.1519799856776331E+02  3.3540313285558761E+02
  6.9384765625000000E-01  5.1463968754969005E+02  3.3509902278457605E+02
  6.9482421875000000E-01  5.1408168612349448E+02  3.3479567016768453E+02
  6.9580078125000000E-01  5.1352399607292648E+02  3.3449307502401246E+02
  6.9677734375000000E-01  5.1296661917409449E+02  3.3419123736938809E+02
  6.9775390625000000E-01  5.1240955720552995E+02  3.3389015721479495E+02
  6.9873046875000000E-01  5.1185281193597518E+02  3.3358983456797489E+02
  6.9970703125000000E-01  5.1129638513382827E+02  3.3329026943214365E+02
  7.0068359375000000E-01  5.1074027856840314E+02  3.3299146180620204E+02
  7.0166015625000000E-01  5.1018449400424174E+02  3.3269341168511249E+02
  7.0263671875000000E-01  5.0962903320609894E+02  3.3239611905944440E+02
  7.0361328125000000E-01  5.0907389792750860E+02  3.3209958391653663E+02
  7.0458984375000000E-01  5.0851908992800008E+02  3.3180380623875095E+02
  7.0556640625000000E-01  5.0796461096372275E+02  3.3150878600449192E+02
  7.0654296875000000E-01  5.0741046278309489E+02  3.3121452318841204E+02
  7.0751953125000000E-01  5.0685664713392561E+02  3.3092101776103613E+02
  7.0849609375000000E-01  5.0630316576518948E+02  3.3062826968837692E+02
  7.0947265625000000E-01  5.0575002041711718E+02  3.3033627893296006E+02
  7.1044921875000000E-01  5.0519721283178626E+02  3.3004504545279616E+02
  7.1142578125000000E-01  5.0464474474985241E+02  3.2975456920170961E+02
  7.1240234375000000E-01  5.0409261790073106E+02  3.2946485013026893E+02
  7.1337890625000000E-01  5.0354083401969012E+02  3.2917588818416584E+02
  7.1435546875000000E-01  5.0298939483637400E+02  3.2888768330531150E+02
  7.1533203125000000E-01  5.0243830208050031E+02  3.2860023543130654E+02
  7.1630859375000000E-01  5.0188755747049868E+02  3.2831354449649047E+02
  7.1728515625000000E-01  5.0133716273062805E+02  3.2802761043036560E+02
  7.1826171875000000E-01  5.0078711958513486E+02  3.2774243315826004E+02
  7.1923828125000000E-01  5.0023742973841070E+02  3.2745801260269110E+02
  7.2021484375000000E-01  4.9968809491072000E+02  3.2717434868077981E+02
  7.2119140625000000E-01  4.9913911680926856E+02  3.2689144130643660E+02
  7.2216796875000000E-01  4.9859049714297612E+02  3.2660929038914850E+02
  7.2314453125000000E-01  4.9804223761918348E+02  3.2632789583428325E+02
  7.2412109375000000E-01  4.9749433993404091E+02  3.2604725754392246E+02
  7.2509765625000000E-01  4.9694680578929012E+02  3.2576737541540695E+02
  7.2607421875000000E-01  4.9639963688378066E+02  3.2548824934208631E+02
  7.2705078125000000E-01  4.9585283490506322E+02  3.2520987921402985E+02
  7.2802734375000000E-01  4.9530640154633710E+02  3.2493226491658749E+02
  7.2900390625000000E-01  4.9476033849653288E+02  3.2465540633124436E+02
  7.2998046875000000E-01  4.9421464743873327E+02  3.2437930333574877E+02
  7.3095703125000000E-01  4.9366933005313672E+02  3.2410395580386574E+02
  7.3193359375000000E-01  4.9312438802426630E+02  3.2382936360490157E+02
  7.3291015625000000E-01  4.9257982302219136E+02  3.2355552660481783E+02
  7.3388671875000000E-01  4.9203563671866436E+02  3.2328244466554946E+02
  7.3486328125000000E-01  4.9149183078651322E+02  3.2301011764464386E+02
  7.3583984375000000E-01  4.9094840689554263E+02  3.2273854539570686E+02
  7.3681640625000000E-01  4.9040536670440883E+02  3.2246772776904072E+02
  7.3779296875000000E-01  4.8986271187854811E+02  3.2219766461023437E+02
  7.3876953125000000E-01  4.8932044407471051E+02  3.2192835576138680E+02
  7.3974609375000000E-01  4.8877856494670732E+02  3.2165980106065513E+02
  7.4072265625000000E-01  4.8823707615332148E+02  3.2139200034171535E+02
  7.4169921875000000E-01  4.8769597933372916E+02  3.2112495343541372E+02
  7.4267578125000000E-01  4.8715527613937070E+02  3.2085866016768279E+02
  7.4365234375000000E-01  4.8661496821623132E+02  3.2059312036067519E+02
  7.4462890625000000E-01  4.8607505720145821E+02  3.2032833383312595E+02
  7.4560546875000000E-01  4.8553554473185568E+02  3.2006430039948623E+02
  7.4658203125000000E-01  4.8499643244255333E+02  3.1980101987038290E+02
  7.4755859375000000E-01  4.8445772196334042E+02  3.1953849205265584E+02
  7.4853515625000000E-01  4.8391941492648039E+02  3.1927671674885556E+02
  7.4951171875000000E-01  4.8338151295172008E+02  3.1901569375832935E+02
  7.5048828125000000E-01  4.8284401766648080E+02  3.1875542287577315E+02
  7.5146484375000000E-01  4.8230693068872574E+02  3.1849590389257833E+02
  7.5244140625000000E-01  4.8177025362961490E+02  3.1823713659618977E+02
  7.5341796875000000E-01  4.8123398810500254E+02  3.1797912076997534E+02
  7.5439453125000000E-01  4.8069813572322755E+02  3.1772185619364035E+02
  7.5537109375000000E-01  4.8016269809489154E+02  3.1746534264266666E+02
  7.5634765625000000E-01  4.7962767681829808E+02  3.1720957988931775E+02
  7.5732421875000000E-01  4.7909307349902059E+02  3.1695456770130346E+02
  7.5830078125000000E-01  4.7855888973564788E+02  3.1670030584292158E+02
  7.5927734375000000E-01  4.7802512711757583E+02  3.1644679407467561E+02
  7.6025390625000000E-01  4.7749178723064028E+02  3.1619403215340111E+02
  7.6123046875000000E-01  4.7695887167115933E+02  3.1594201983139033E+02
  7.6220703125000000E-01  4.7642638202128069E+02  3.1569075685773475E+02
  7.6318359375000000E-01  4.7589431985987994E+02  3.1544024297771836E+02
  7.6416015625000000E-01  4.7536268676926807E+02  3.1519047793238724E+02
  7.6513671875000000E-01  4.7483148432555197E+02  3.1494146145924861E+02
  7.6611328125000000E-01  4.7430071409707944E+02  3.1469319329212277E+02
  7.6708984375000000E-01  4.7377037765136282E+02  3.1444567316107032E+02
  7.6806640625000000E-01  4.7324047656128187E+02  3.1419890079182596E+02
  7.6904296875000000E-01  4.7271101238077460E+02  3.1395287590715543E+02
  7.7001953125000000E-01  4.7218198667252221E+02  3.1370759822548155E+02
  7.7099609375000000E-01  4.7165340099355421E+02  3.1346306746155233E+02
  7.7197265625000000E-01  4.7112525689539086E+02  3.1321928332649497E+02
  7.7294921875000000E-01  4.7059755592934158E+02  3.1297624552760908E+02
  7.7392578125000000E-01  4.7007029963771794E+02  3.1273395376844735E+02
  7.7490234375000000E-01  4.6954348956518049E+02  3.1249240774882475E+02
  7.7587890625000000E-01  4.6901712724912647E+02  3.1225160716494173E+02
  7.7685546875000000E-01  4.6849121423067493E+02  3.1201155170884533E+02
  7.7783203125000000E-01  4.6796575204513368E+02  3.1177224106912985E+02
  7.7880859375000000E-01  4.6744074221288122E+02  3.1153367493099711E+02
  7.7978515625000000E-01  4.6691618626286692E+02  3.1129585297558884E+02
  7.8076171875000000E-01  4.6639208572290568E+02  3.1105877488009077E+02
  7.8173828125000000E-01  4.6586844211306175E+02  3.1082244031831141E+02
  7.8271484375000000E-01  4.6534525694475343E+02  3.1058684896047464E+02
  7.8369140625000000E-01  4.6482253173617761E+02  3.1035200047278556E+02
  7.8466796875000000E-01  4.6430026799136465E+02  3.1011789451812672E+02
  7.8564453125000000E-01  4.6377846722038038E+02  3.0988453075535682E+02
  7.8662109375000000E-01  4.6325713093190393E+02  3.0965190883961020E+02
  7.8759765625000000E-01  4.6273626061674901E+02  3.0942002842280016E+02
  7.8857421875000000E-01  4.6221585777276459E+02  3.0918888915296401E+02
  7.8955078125000000E-01  4.6169592389621567E+02  3.0895849067425604E+02
  7.9052734375000000E-01  4.6117646048143331E+02  3.0872883262722831E+02
  7.9150390625000000E-01  4.6065746900239128E+02  3.0849991464935022E+02
  7.9248046875000000E-01  4.6013895095272414E+02  3.0827173637365473E+02
  7.9345703125000000E-01  4.5962090780850099E+02  3.0804429742996865E+02
  7.9443359375000000E-01  4.5910334104296260E+02  3.0781759744455337E+02
  7.9541015625000000E-01  4.5858625213256909E+02  3.0759163603985940E+02
  7.9638671875000000E-01  4.5806964254313988E+02  3.0736641283484522E+02
  7.9736328125000000E-01  4.5755351374712990E+02  3.0714192744464748E+02
  7.9833984375000000E-01  4.5703786719910579E+02  3.0691817948112475E+02
  7.9931640625000000E-01  4.5652270436167385E+02  3.0669516855231376E+02
  8.0029296875000000E-01  4.5600802669383108E+02  3.0647289426266991E+02
  8.0126953125000000E-01  4.5549383564161712E+02  3.0625135621317560E+02
  8.0224609375000000E-01  4.5498013265749466E+02  3.0603055400122162E+02
  8.0322265625000000E-01  4.5446691918645575E+02  3.0581048722043869E+02
  8.0419921875000000E-01  4.5395419666726332E+02  3.0559115546124110E+02
  8.0517578125000000E-01  4.5344196653965980E+02  3.0537255831012908E+02
  8.0615234375000000E-01  4.5293023024123863E+02  3.0515469535025812E+02
  8.0712890625000000E-01  4.5241898919829566E+02  3.0493756616117787E+02
  8.0810546875000000E-01  4.5190824484454197E+02  3.0472117031886148E+02
  8.0908203125000000E-01  4.5139799859640499E+02  3.0450550739593137E+02
  8.1005859375000000E-01  4.5088825188212320E+02  3.0429057696115791E+02
  8.1103515625000000E-01  4.5037900611558445E+02  3.0407637858008030E+02
  8.1201171875000000E-01  4.4987026271051343E+02  3.0386291181468948E+02
  8.1298828125000000E-01  4.4936202307230474E+02  3.0365017622344021E+02
  8.1396484375000000E-01  4.4885428861699535E+02  3.0343817136103348E+02
  8.1494140625000000E-01  4.4834706073906500E+02  3.0322689677905930E+02
  8.1591796875000000E-01  4.4784034085266194E+02  3.0301635202520441E+02
  8.1689453125000000E-01  4.4733413033268914E+02  3.0280653664425643E+02
  8.1787109375000000E-01  4.4682843058625178E+02  3.0259745017694968E+02
  8.1884765625000000E-01  4.4632324299809926E+02  3.0238909216087075E+02
  8.1982421875000000E-01  4.4581856895144472E+02  3.0218146213010453E+02
  8.2080078125000000E-01  4.4531440982986499E+02  3.0197455961521018E+02
  8.2177734375000000E-01  4.4481076701329994E+02  3.0176838414330149E+02
  8.2275390625000000E-01  4.4430764187430748E+02  3.0156293523811632E+02
  8.2373046875000000E-01  4.4380503578179741E+02  3.0135821241995637E+02
  8.2470703125000000E-01  4.4330295010493523E+02  3.0115421520563001E+02
  8.2568359375000000E-01  4.4280138620912442E+02  3.0095094310852863E+02
  8.2666015625000000E-01  4.4230034545253369E+02  3.0074839563868721E+02
  8.2763671875000000E-01  4.4179982919744032E+02  3.0054657230264206E+02
  8.2861328125000000E-01  4.4129983878430244E+02  3.0034547260371619E+02
  8.2958984375000000E-01  4.4080037557057938E+02  3.0014509604161299E+02
  8.3056640625000000E-01  4.4030144089589430E+02  2.9994544211283284E+02
  8.3154296875000000E-01  4.3980303611124032E+02  2.9974651031027150E+02
  8.3251953125000000E-01  4.3930516254903966E+02  2.9954830012368984E+02
  8.3349609375000000E-01  4.3880782154033591E+02  2.9935081103938876E+02
  8.3447265625000000E-01  4.3831101442151225E+02  2.9915404254023758E+02
  8.3544921875000000E-01  4.3781474252079579E+02  2.9895799410581623E+02
  8.3642578125000000E-01  4.3731900715705206E+02  2.9876266521238040E+02
  8.3740234375000000E-01  4.3682380965126089E+02  2.9856805533282119E+02
  8.3837890625000000E-01  4.3632915131661355E+02  2.9837416393673209E+02
  8.3935546875000000E-01  4.3583503347897226E+02  2.9818099049020191E+02
  8.4033203125000000E-01  4.3534145742718323E+02  2.9798853445632801E+02
  8.4130859375000000E-01  4.3484842448027842E+02  2.9779679529456519E+02
  8.4228515625000000E-01  4.3435593593163208E+02  2.9760577246130623E+02
  8.4326171875000000E-01  4.3386399309012944E+02  2.9741546540944097E+02
  8.4423828125000000E-01  4.3337259723503826E+02  2.9722587358878047E+02
  8.4521484375000000E-01  4.3288174966540760E+02  2.9703699644569235E+02
  8.4619140625000000E-01  4.3239145166421963E+02  2.9684883342333927E+02
  8.4716796875000000E-01  4.3190170451349451E+02  2.9666138396158038E+02
  8.4814453125000000E-01  4.3141250949929974E+02  2.9647464749700026E+02
  8.4912109375000000E-01  4.3092386788747393E+02  2.9628862346301077E+02
  8.5009765625000000E-01  4.3043578095419264E+02  2.9610331128968318E+02
  8.5107421875000000E-01  4.2994824996644246E+02  2.9591871040388151E+02
  8.5205078125000000E-01  4.2946127618478920E+02  2.9573482022926584E+02
  8.5302734375000000E-01  4.2897486086698143E+02  2.9555164018621792E+02
  8.5400390625000000E-01  4.2848900527365203E+02  2.9536916969199194E+02
  8.5498046875000000E-01  4.2800371065334377E+02  2.9518740816052474E+02
  8.5595703125000000E-01  4.2751897825719379E+02  2.9500635500252048E+02
  8.5693359375000000E-01  4.2703480933840751E+02  2.9482600962552624E+02
  8.5791015625000000E-01  4.2655120513130828E+02  2.9464637143394208E+02
  8.5888671875000000E-01  4.2606816687477408E+02  2.9446743982895839E+02
  8.5986328125000000E-01  4.2558569580138038E+02  2.9428921420859484E+02
  8.6083984375000000E-01  4.2510379314396209E+02  2.9411169396769247E+02
  8.6181640625000000E-01  4.2462246012529863E+02  2.9393487849794315E+02
  8.6279296875000000E-01  4.2414169796497526E+02  2.9375876718787976E+02
  8.6376953125000000E-01  4.2366150788939478E+02  2.9358335942287465E+02
  8.6474609375000000E-01  4.2318189110144760E+02  2.9340865458517436E+02
  8.6572265625000000E-01  4.2270284878257235E+02  2.9323465205392478E+02
  8.6669921875000000E-01  4.2222438218074990E+02  2.9306135120506246E+02
  8.6767578125000000E-01  2.9300000000000000E+02  2.9300000000000000E+02
  8.6865234375000000E-01  2.9300000000000000E+02  2.9300000000000000E+02
  8.6962890625000000E-01  2.9300000000000000E+02  2.9300000000000000E+02
  8.7060546875000000E-01  2.9300000000000000E+02  2.9300000000000000E+02
  8.7158203125000000E-01  2.9300000000000000E+02  2.9300000000000000E+02
  8.7255859375000000E-01  2.9300000000000000E+02  2.9300000000000000E+02
  8.7353515625000000E-01  2.9300000000000000E+02  2.9300000000000000E+02
  8.7451171875000000E-01  2.9300000000000000E+02  2.9300000000000000E+02
  8.7548828125000000E-01  2.9300000000000000E+02  2.9300000000000000E+02
  8.7646484375000000E-01  2.9300000000000000E+02  2.9300000000000000E+02
  8.7744140625000000E-01  2.9300000000000000E+02  2.9300000000000000E+02
  8.7841796875000000E-01  2.9300000000000000E+02  2.9300000000000000E+02
  8.7939453125000000E-01  2.9300000000000000E+02  2.9300000000000000E+02
  8.8037109375000000E-01  2.9300000000000000E+02  2.9300000000000000E+02
  8.8134765625000000E-01  2.9300000000000000E+02  2.9300000000000000E+02
  8.8232421875000000E-01  2.9300000000000000E+02  2.9300000000000000E+02
  8.8330078125000000E-01  2.9300000000000000E+02  2.9300000000000000E+02
  8.8427734375000000E-01  2.9300000000000000E+02  2.9300000000000000E+02
  8.8525390625000000E-01  2.9300000000000000E+02  2.9300000000000000E+02
  8.8623046875000000E-01  2.9300000000000000E+02  2.9300000000000000E+02
  8.8720703125000000E-01  2.9300000000000000E+02  2.9300000000000000E+02
  8.8818359375000000E-01  2.9300000000000000E+02  2.9300000000000000E+02
  8.8916015625000000E-01  2.9300000000000000E+02  2.9300000000000000E+02
  8.9013671875000000E-01  2.9300000000000000E+02  2.9300000000000000E+02
  8.9111328125000000E-01  2.9300000000000000E+02  2.9300000000000000E+02
  8.9208984375000000E-01  2.9300000000000000E+02  2.9300000000000000E+02
  8.9306640625000000E-01  2.9300000000000000E+02  2.9300000000000000E+02
  8.9404296875000000E-01  2.9300000000000000E+02  2.9300000000000000E+02
  8.9501953125000000E-01  2.9300000000000000E+02  2.9300000000000000E+02
  8.9599609375000000E-01  2.9300000000000000E+02  2.9300000000000000E+02
  8.9697265625000000E-01  2.9300000000000000E+02  2.9300000000000000E+02
  8.9794921875000000E-01  2.9300000000000000E+02  2.9300000000000000E+02
  8.9892578125000000E-01  2.9300000000000000E+02  2.9300000000000000E+02
  8.9990234375000000E-01  2.9300000000000000E+02  2.9300000000000000E+02
  9.0087890625000000E-01  2.9300000000000000E+02  2.9300000000000000E+02
  9.0185546875000000E-01  2.9300000000000000E+02  2.9300000000000000E+02
  9.0283203125000000E-01  2.9300000000000000E+02  2.9300000000000000E+02
  9.0380859375000000E-01  2.9300000000000000E+02  2.9300000000000000E+02
  9.0478515625000000E-01  2.9300000000000000E+02  2.9300000000000000E+02
  9.0576171875000000E-01  2.9300000000000000E+02  2.9300000000000000E+02
  9.0673828125000000E-01  2.9300000000000000E+02  2.9300000000000000E+02
  9.0771484375000000E-01  2.9300000000000000E+02  2.9300000000000000E+02
  9.0869140625000000E-01  2.9300000000000000E+02  2.9300000000000000E+02
  9.0966796875000000E-01  2.9300000000000000E+02  2.9300000000000000E+02
  9.1064453125000000E-01  2.9300000000000000E+02  2.9300000000000000E+02
  9.1162109375000000E-01  2.9300000000000000E+02  2.9300000000000000E+02
  9.1259765625000000E-01  2.9300000000000000E+02  2.9300000000000000E+02
  9.1357421875000000E-01  2.9300000000000000E+02  2.9300000000000000E+02
  9.1455078125000000E-01  2.9300000000000000E+02  2.9300000000000000E+02
  9.1552734375000000E-01  2.9300000000000000E+02  2.9300000000000000E+02
  9.1650390625000000E-01  2.9300000000000000E+02  2.9300000000000000E+02
  9.1748046875000000E-01  2.9300000000000000E+02  2.9300000000000000E+02
  9.1845703125000000E-01  2.9300000000000000E+02  2.9300000000000000E+02
  9.1943359375000000E-01  2.9300000000000000E+02  2.9300000000000000E+02
  9.2041015625000000E-01  2.9300000000000000E+02  2.9300000000000000E+02
  9.2138671875000000E-01  2.9300000000000000E+02  2.9300000000000000E+02
  9.2236328125000000E-01  2.9300000000000000E+02  2.9300000000000000E+02
  9.2333984375000000E-01  2.9300000000000000E+02  2.9300000000000000E+02
  9.2431640625000000E-01  2.9300000000000000E+02  2.9300000000000000E+02
  9.2529296875000000E-01  2.9300000000000000E+02  2.9300000000000000E+02
  9.2626953125000000E-01  2.9300000000000000E+02  2.9300000000000000E+02
  9.2724609375000000E-01  2.9300000000000000E+02  2.9300000000000000E+02
  9.2822265625000000E-01  2.9300000000000000E+02  2.9300000000000000E+02
  9.2919921875000000E-01  2.9300000000000000E+02  2.9300000000000000E+02
  9.3017578125000000E-01  2.9300000000000000E+02  2.9300000000000000E+02
  9.3115234375000000E-01  2.9300000000000000E+02  2.9300000000000000E+02
  9.3212890625000000E-01  2.9300000000000000E+02  2.9300000000000000E+02
  9.3310546875000000E-01  2.9300000000000000E+02  2.9300000000000000E+02
  9.3408203125000000E-01  2.9300000000000000E+02  2.9300000000000000E+02
  9.3505859375000000E-01  2.9300000000000000E+02  2.9300000000000000E+02
  9.3603515625000000E-01  2.9300000000000000E+02  2.9300000000000000E+02
  9.3701171875000000E-01  2.9300000000000000E+02  2.9300000000000000E+02
  9.3798828125000000E-01  2.9300000000000000E+02  2.9300000000000000E+02
  9.3896484375000000E-01  2.9300000000000000E+02  2.9300000000000000E+02
  9.3994140625000000E-01  2.9300000000000000E+02  2.9300000000000000E+02
  9.4091796875000000E-01  2.9300000000000000E+02  2.9300000000000000E+02
  9.4189453125000000E-01  2.9300000000000000E+02  2.9300000000000000E+02
  9.4287109375000000E-01  2.9300000000000000E+02  2.9300000000000000E+02
  9.4384765625000000E-01  2.9300000000000000E+02  2.9300000000000000E+02
  9.4482421875000000E-01  2.9300000000000000E+02  2.9300000000000000E+02
  9.4580078125000000E-01  2.9300000000000000E+02  2.9300000000000000E+02
  9.4677734375000000E-01  2.9300000000000000E+02  2.9300000000000000E+02
  9.4775390625000000E-01  2.9300000000000000E+02  2.9300000000000000E+02
  9.4873046875000000E-01  2.9300000000000000E+02  2.9300000000000000E+02
  9.4970703125000000E-01  2.9300000000000000E+02  2.9300000000000000E+02
  9.5068359375000000E-01  2.9300000000000000E+02  2.9300000000000000E+02
  9.5166015625000000E-01  2.9300000000000000E+02  2.9300000000000000E+02
  9.5263671875000000E-01  2.9300000000000000E+02  2.9300000000000000E+02
  9.5361328125000000E-01  2.9300000000000000E+02  2.9300000000000000E+02
  9.5458984375000000E-01  2.9300000000000000E+02  2.9300000000000000E+02
  9.5556640625000000E-01  2.9300000000000000E+02  2.9300000000000000E+02
  9.5654296875000000E-01  2.9300000000000000E+02  2.9300000000000000E+02
  9.5751953125000000E-01  2.9300000000000000E+02  2.9300000000000000E+02
  9.5849609375000000E-01  2.9300000000000000E+02  2.9300000000000000E+02
  9.5947265625000000E-01  2.9300000000000000E+02  2.9300000000000000E+02
  9.6044921875000000E-01  2.9300000000000000E+02  2.9300000000000000E+02
  9.6142578125000000E-01  2.9300000000000000E+02  2.9300000000000000E+02
  9.6240234375000000E-01  2.9300000000000000E+02  2.9300000000000000E+02
  9.6337890625000000E-01  2.9300000000000000E+02  2.9300000000000000E+02
  9.6435546875000000E-01  2.9300000000000000E+02  2.9300000000000000E+02
  9.6533203125000000E-01  2.9300000000000000E+02  2.9300000000000000E+02
  9.6630859375000000E-01  2.9300000000000000E+02  2.9300000000000000E+02
  9.6728515625000000E-01  2.9300000000000000E+02  2.9300000000000000E+02
  9.6826171875000000E-01  2.9300000000000000E+02  2.9300000000000000E+02
  9.6923828125000000E-01  2.9300000000000000E+02  2.9300000000000000E+02
  9.7021484375000000E-01  2.9300000000000000E+02  2.9300000000000000E+02
  9.7119140625000000E-01  2.9300000000000000E+02  2.9300000000000000E+02
  9.7216796875000000E-01  2.9300000000000000E+02  2.9300000000000000E+02
  9.7314453125000000E-01  2.9300000000000000E+02  2.9300000000000000E+02
  9.7412109375000000E-01  2.9300000000000000E+02  2.9300000000000000E+02
  9.7509765625000000E-01  2.9300000000000000E+02  2.9300000000000000E+02
  9.7607421875000000E-01  2.9300000000000000E+02  2.9300000000000000E+02
  9.7705078125000000E-01  2.9300000000000000E+02  2.9300000000000000E+02
  9.7802734375000000E-01  2.9300000000000000E+02  2.9300000000000000E+02
  9.7900390625000000E-01  2.9300000000000000E+02  2.9300000000000000E+02
  9.7998046875000000E-01  2.9300000000000000E+02  2.9300000000000000E+02
  9.8095703125000000E-01  2.9300000000000000E+02  2.9300000000000000E+02
  9.8193359375000000E-01  2.9300000000000000E+02  2.9300000000000000E+02
  9.8291015625000000E-01  2.9300000000000000E+02  2.9300000000000000E+02
  9.8388671875000000E-01  2.9300000000000000E+02  2.9300000000000000E+02
  9.8486328125000000E-01  2.9300000000000000E+02  2.9300000000000000E+02
  9.8583984375000000E-01  2.9300000000000000E+02  2.9300000000000000E+02
  9.8681640625000000E-01  2.9300000000000000E+02  2.9300000000000000E+02
  9.8779296875000000E-01  2.9300000000000000E+02  2.9300000000000000E+02
  9.8876953125000000E-01  2.9300000000000000E+02  2.9300000000000000E+02
  9.8974609375000000E-01  2.9300000000000000E+02  2.9300000000000000E+02
  9.9072265625000000E-01  2.9300000000000000E+02  2.9300000000000000E+02
  9.9169921875000000E-01  2.9300000000000000E+02  2.9300000000000000E+02
  9.9267578125000000E-01  2.9300000000000000E+02  2.9300000000000000E+02
  9.9365234375000000E-01  2.9300000000000000E+02  2.9300000000000000E+02
  9.9462890625000000E-01  2.9300000000000000E+02  2.9300000000000000E+02
  9.9560546875000000E-01  2.9300000000000000E+02  2.9300000000000000E+02
  9.9658203125000000E-01  2.9300000000000000E+02  2.9300000000000000E+02
  9.9755859375000000E-01  2.9300000000000000E+02  2.9300000000000000E+02
  9.9853515625000000E-01  2.9300000000000000E+02  2.9300000000000000E+02
  9.9951171875000000E-01  2.9300000000000000E+02  2.9300000000000000E+02
